84,3
84,2
84,1
84,0
83,3
83,2
83,1
83,0
82,4
82,3
82,2
82,1
82,0
81,4
0,514
0,513
0,512
81,3
81,2
81,1
81,0
0,511
0,510
0,509
0,508
0,507
0,506
0,505
80,3
80,2
80,1
80,0
79,3
79,2
79,1
79,0
78,4
78,3
78,2
78,1
78,0
77,4
77,3
77,2
77,1
77,0
25,2
0,278
0,9
25,1
25,3
3,2
3,1
3,3
10,80
10,196
10,158
10,292
10,224
10,166
10,234
10,1
10,168
10,2
10,3
11,18
11,26
11,4
11,14
11,10
11,1
11,22
11,2
11,3
9,7
9,6
9,1
9,4
9,2
9,3
8,18
8,7
8,10
8,15
8,9
8,1
8,12
8,2
8,3
12,2
12,1
12,3
20,2
20,1
20,3
19,2
19,1
19,3
18,1
18,3
14,1
14,3
13,1
13,3
2,2
2,1
2,3
75,3
